active 2
playing 2
playlist 0
position -1
resume-state 1
resume-time 0
playlist 1
position -1
resume-state 1
resume-time 0
playlist 2
position 68
shuffle 0,1,2,3,4,5,6,7,8,9,10,11,12,13,14,15
shuffle 16,17,18,19,215,49,86,116,72,247,259,203,142,229,225,253
shuffle 185,48,240,126,93,33,220,152,73,183,154,101,249,258,140,148
shuffle 245,172,201,87,257,228,224,67,194,223,242,61,187,24,89,158
shuffle 162,181,81,60,53,219,136,57,188,105,28,85,27,170,96,141
shuffle 127,159,202,41,45,150,262,244,74,50,109,227,166,207,186,83
shuffle 175,125,107,131,119,56,231,20,222,40,115,184,256,51,213,246
shuffle 217,161,226,129,155,189,64,69,99,31,108,165,176,70,75,168
shuffle 76,239,139,171,25,130,54,100,123,103,35,91,216,237,66,90
shuffle 138,114,102,98,80,212,122,59,255,236,133,128,261,173,182,193
shuffle 197,241,111,124,118,78,157,43,209,95,149,52,21,23,88,68
resume-state 2
resume-time 170341
